,time,price,volume
0,Apr 24 2020 01: +0,1.108,44
1,Apr 25 2020 01: +0,1.086,186
2,Apr 26 2020 01: +0,1.01,168
3,Apr 27 2020 01: +0,1.004,154
4,Apr 28 2020 01: +0,1.069,135
5,Apr 29 2020 01: +0,1.048,160
6,Apr 30 2020 01: +0,1.13,344
7,May 01 2020 01: +0,1.337,240
8,May 02 2020 01: +0,1.34,158
9,May 03 2020 01: +0,1.331,108
10,May 04 2020 01: +0,1.409,143
11,May 05 2020 01: +0,1.357,97
12,May 06 2020 01: +0,1.312,135
13,May 07 2020 01: +0,1.263,129
14,May 08 2020 01: +0,1.229,147
15,May 09 2020 01: +0,1.177,139
16,May 10 2020 01: +0,1.134,120
17,May 11 2020 01: +0,1.108,98
18,May 12 2020 01: +0,1.101,126
19,May 13 2020 01: +0,1.197,94
20,May 14 2020 01: +0,1.17,102
21,May 15 2020 01: +0,1.118,170
22,May 16 2020 01: +0,1.058,99
23,May 17 2020 01: +0,1.038,117
24,May 18 2020 01: +0,1.058,101
25,May 19 2020 01: +0,1.081,111
26,May 20 2020 01: +0,1.099,107
27,May 21 2020 01: +0,1.077,86
28,May 22 2020 01: +0,0.999,100
29,May 23 2020 01: +0,1.097,116
30,May 24 2020 01: +0,1.072,102
31,May 25 2020 01: +0,1.08,91
32,May 26 2020 01: +0,0.981,108
33,May 27 2020 01: +0,1.026,95
34,May 28 2020 01: +0,0.955,118
35,May 29 2020 01: +0,0.793,211
36,May 30 2020 01: +0,0.817,86
37,May 31 2020 01: +0,0.805,82
38,Jun 01 2020 01: +0,0.846,77
39,Jun 02 2020 01: +0,0.807,123
40,Jun 03 2020 01: +0,0.883,72
41,Jun 04 2020 01: +0,0.851,91
42,Jun 05 2020 01: +0,0.828,60
43,Jun 06 2020 01: +0,0.84,53
44,Jun 07 2020 01: +0,0.876,94
45,Jun 08 2020 01: +0,0.869,78
46,Jun 09 2020 01: +0,0.922,89
47,Jun 10 2020 01: +0,0.923,59
48,Jun 11 2020 01: +0,0.91,79
49,Jun 12 2020 01: +0,0.88,102
50,Jun 13 2020 01: +0,0.917,66
51,Jun 14 2020 01: +0,0.901,57
52,Jun 15 2020 01: +0,0.882,52
53,Jun 16 2020 01: +0,0.868,47
54,Jun 17 2020 01: +0,0.832,54
55,Jun 18 2020 01: +0,0.861,70
56,Jun 19 2020 01: +0,0.844,53
57,Jun 20 2020 01: +0,0.804,74
58,Jun 21 2020 01: +0,0.835,69
59,Jun 22 2020 01: +0,0.828,66
60,Jun 23 2020 01: +0,0.806,63
61,Jun 24 2020 01: +0,0.777,57
62,Jun 25 2020 01: +0,0.713,65
63,Jun 26 2020 01: +0,0.638,59
64,Jun 27 2020 01: +0,0.712,82
65,Jun 28 2020 01: +0,0.745,84
66,Jun 29 2020 01: +0,0.756,69
67,Jun 30 2020 01: +0,0.759,61
68,Jul 01 2020 01: +0,0.746,60
69,Jul 02 2020 01: +0,0.759,78
70,Jul 03 2020 01: +0,0.681,54
71,Jul 04 2020 01: +0,0.73,55
72,Jul 05 2020 01: +0,0.747,67
73,Jul 06 2020 01: +0,0.81,59
74,Jul 07 2020 01: +0,0.83,41
75,Jul 08 2020 01: +0,0.841,53
76,Jul 09 2020 01: +0,0.82,59
77,Jul 10 2020 01: +0,0.778,52
78,Jul 11 2020 01: +0,0.844,72
79,Jul 12 2020 01: +0,0.915,81
80,Jul 13 2020 01: +0,0.93,58
81,Jul 14 2020 01: +0,0.937,74
82,Jul 15 2020 01: +0,0.919,102
83,Jul 16 2020 01: +0,0.903,64
84,Jul 17 2020 01: +0,0.823,79
85,Jul 18 2020 01: +0,0.839,74
86,Jul 19 2020 01: +0,0.851,64
87,Jul 20 2020 01: +0,0.877,88
88,Jul 21 2020 01: +0,0.949,39
89,Jul 22 2020 01: +0,0.9,39
90,Jul 23 2020 01: +0,0.904,59
91,Jul 24 2020 01: +0,0.94,84
92,Jul 25 2020 01: +0,0.934,106
93,Jul 26 2020 01: +0,0.868,66
94,Jul 27 2020 01: +0,0.923,53
95,Jul 28 2020 01: +0,0.86,54
96,Jul 29 2020 01: +0,0.922,62
97,Jul 30 2020 01: +0,0.954,67
98,Jul 31 2020 01: +0,0.897,37
99,Aug 01 2020 01: +0,0.899,72
100,Aug 02 2020 01: +0,0.865,51
101,Aug 03 2020 01: +0,0.883,56
102,Aug 04 2020 01: +0,0.9,80
103,Aug 05 2020 01: +0,0.881,44
104,Aug 06 2020 01: +0,0.835,78
105,Aug 07 2020 01: +0,0.831,66
106,Aug 08 2020 01: +0,0.809,82
107,Aug 09 2020 01: +0,0.882,80
108,Aug 10 2020 01: +0,0.854,64
109,Aug 11 2020 01: +0,0.827,66
110,Aug 12 2020 01: +0,0.814,71
111,Aug 13 2020 01: +0,0.801,48
112,Aug 14 2020 01: +0,0.809,64
113,Aug 15 2020 01: +0,0.834,64
114,Aug 16 2020 01: +0,0.841,71
115,Aug 17 2020 01: +0,0.815,66
116,Aug 18 2020 01: +0,0.783,55
117,Aug 19 2020 01: +0,0.77,71
118,Aug 20 2020 01: +0,0.771,59
119,Aug 21 2020 01: +0,0.815,70
120,Aug 22 2020 01: +0,0.8,85
121,Aug 23 2020 01: +0,0.818,70
122,Aug 24 2020 01: +0,0.826,66
123,Aug 25 2020 01: +0,0.845,54
124,Aug 26 2020 01: +0,0.839,55
125,Aug 27 2020 01: +0,0.868,56
126,Aug 28 2020 01: +0,0.803,68
127,Aug 29 2020 01: +0,0.803,49
128,Aug 30 2020 01: +0,0.843,71
129,Aug 31 2020 01: +0,0.83,44
130,Sep 01 2020 01: +0,0.784,41
131,Sep 02 2020 01: +0,0.851,48
132,Sep 03 2020 01: +0,0.822,67
133,Sep 04 2020 01: +0,0.8,39
134,Sep 05 2020 01: +0,0.816,66
135,Sep 06 2020 01: +0,0.806,41
136,Sep 07 2020 01: +0,0.785,68
137,Sep 08 2020 01: +0,0.802,38
138,Sep 09 2020 01: +0,0.828,65
139,Sep 10 2020 01: +0,0.791,53
140,Sep 11 2020 01: +0,0.746,52
141,Sep 12 2020 01: +0,0.71,35
142,Sep 13 2020 01: +0,0.752,55
143,Sep 14 2020 01: +0,0.777,47
144,Sep 15 2020 01: +0,0.754,59
145,Sep 16 2020 01: +0,0.727,49
146,Sep 17 2020 01: +0,0.739,84
147,Sep 18 2020 01: +0,0.874,54
148,Sep 19 2020 01: +0,0.739,77
149,Sep 20 2020 01: +0,0.745,77
150,Sep 21 2020 01: +0,0.7,54
151,Sep 22 2020 01: +0,0.71,52
152,Sep 23 2020 01: +0,0.655,40
153,Sep 24 2020 01: +0,0.697,37
154,Sep 25 2020 01: +0,0.723,55
155,Sep 26 2020 01: +0,0.658,67
156,Sep 27 2020 01: +0,0.684,96
157,Sep 28 2020 01: +0,0.629,44
158,Sep 29 2020 01: +0,0.674,53
159,Sep 30 2020 01: +0,0.659,37
160,Oct 01 2020 01: +0,0.66,64
161,Oct 02 2020 01: +0,0.658,45
162,Oct 03 2020 01: +0,0.669,72
163,Oct 04 2020 01: +0,0.66,49
164,Oct 05 2020 01: +0,0.648,52
165,Oct 06 2020 01: +0,0.673,43
166,Oct 07 2020 01: +0,0.669,50
167,Oct 08 2020 01: +0,0.661,32
168,Oct 09 2020 01: +0,0.624,58
169,Oct 10 2020 01: +0,0.633,31
170,Oct 11 2020 01: +0,0.61,32
171,Oct 12 2020 01: +0,0.625,63
172,Oct 13 2020 01: +0,0.627,37
173,Oct 14 2020 01: +0,0.644,29
174,Oct 15 2020 01: +0,0.662,35
175,Oct 16 2020 01: +0,0.605,47
176,Oct 17 2020 01: +0,0.632,52
177,Oct 18 2020 01: +0,0.628,48
178,Oct 19 2020 01: +0,0.628,41
179,Oct 20 2020 01: +0,0.649,45
180,Oct 21 2020 01: +0,0.619,43
181,Oct 22 2020 01: +0,0.65,41
182,Oct 23 2020 01: +0,0.623,44
183,Oct 24 2020 01: +0,0.62,67
184,Oct 25 2020 01: +0,0.64,55
185,Oct 26 2020 01: +0,0.641,68
186,Oct 27 2020 01: +0,0.617,50
187,Oct 28 2020 01: +0,0.601,46
188,Oct 29 2020 01: +0,0.603,54
189,Oct 30 2020 01: +0,0.558,43
190,Oct 31 2020 01: +0,0.584,52
191,Nov 01 2020 01: +0,0.615,66
192,Nov 02 2020 01: +0,0.583,54
193,Nov 03 2020 01: +0,0.633,69
194,Nov 04 2020 01: +0,0.629,72
195,Nov 05 2020 01: +0,0.628,83
196,Nov 06 2020 01: +0,0.637,68
197,Nov 07 2020 01: +0,0.635,63
198,Nov 08 2020 01: +0,0.671,67
199,Nov 09 2020 01: +0,0.67,56
200,Nov 10 2020 01: +0,0.69,44
201,Nov 11 2020 01: +0,0.66,61
202,Nov 12 2020 01: +0,0.681,67
203,Nov 13 2020 01: +0,0.691,68
204,Nov 14 2020 01: +0,0.69,62
205,Nov 15 2020 01: +0,0.686,48
206,Nov 16 2020 01: +0,0.708,72
207,Nov 17 2020 01: +0,0.675,51
208,Nov 18 2020 01: +0,0.697,57
209,Nov 19 2020 01: +0,0.676,44
210,Nov 20 2020 01: +0,0.713,76
211,Nov 21 2020 01: +0,0.708,52
212,Nov 22 2020 01: +0,0.738,54
213,Nov 23 2020 01: +0,0.725,61
214,Nov 24 2020 01: +0,0.724,56
215,Nov 25 2020 01: +0,0.689,41
216,Nov 26 2020 01: +0,0.724,57
217,Nov 27 2020 01: +0,0.714,51
218,Nov 28 2020 01: +0,0.663,60
219,Nov 29 2020 01: +0,0.713,86
220,Nov 30 2020 01: +0,0.672,50
221,Dec 01 2020 01: +0,0.694,57
222,Dec 02 2020 01: +0,0.725,55
223,Dec 03 2020 01: +0,0.728,81
224,Dec 04 2020 01: +0,0.675,39
225,Dec 05 2020 01: +0,0.686,66
226,Dec 06 2020 01: +0,0.709,76
227,Dec 07 2020 01: +0,0.723,69
228,Dec 08 2020 01: +0,0.711,55
229,Dec 09 2020 01: +0,0.732,64
230,Dec 10 2020 01: +0,0.7,33
231,Dec 11 2020 01: +0,0.675,56
232,Dec 12 2020 01: +0,0.681,66
233,Dec 13 2020 01: +0,0.689,48
234,Dec 14 2020 01: +0,0.673,47
235,Dec 15 2020 01: +0,0.692,46
236,Dec 16 2020 01: +0,0.702,50
237,Dec 17 2020 01: +0,0.744,55
238,Dec 18 2020 01: +0,0.706,45
239,Dec 19 2020 01: +0,0.739,75
240,Dec 20 2020 01: +0,0.717,82
241,Dec 21 2020 01: +0,0.776,78
242,Dec 22 2020 01: +0,0.738,46
243,Dec 23 2020 01: +0,0.748,50
244,Dec 24 2020 01: +0,0.767,74
245,Dec 25 2020 01: +0,0.816,79
246,Dec 26 2020 01: +0,0.831,62
247,Dec 27 2020 01: +0,0.84,75
248,Dec 28 2020 01: +0,0.875,61
249,Dec 29 2020 01: +0,0.866,66
250,Dec 30 2020 01: +0,0.882,77
251,Dec 31 2020 01: +0,0.865,58
252,Jan 01 2021 01: +0,0.818,76
253,Jan 02 2021 01: +0,0.84,104
254,Jan 03 2021 01: +0,0.947,97
255,Jan 04 2021 01: +0,0.982,91
256,Jan 05 2021 01: +0,0.915,85
257,Jan 06 2021 01: +0,0.95,98
258,Jan 07 2021 01: +0,1.018,117
259,Jan 08 2021 01: +0,1.33,344
260,Jan 09 2021 01: +0,2.155,210
261,Jan 10 2021 01: +0,2.662,159
262,Jan 11 2021 01: +0,2.579,150
263,Jan 12 2021 01: +0,2.813,151
264,Jan 13 2021 01: +0,2.752,105
265,Jan 14 2021 01: +0,2.718,145
266,Jan 15 2021 01: +0,2.656,154
267,Jan 16 2021 01: +0,2.93,144
268,Jan 17 2021 01: +0,2.999,130
269,Jan 18 2021 01: +0,2.922,99
270,Jan 19 2021 01: +0,2.944,107
271,Jan 20 2021 01: +0,3.071,86
272,Jan 21 2021 01: +0,2.865,95
273,Jan 22 2021 01: +0,2.76,107
274,Jan 23 2021 01: +0,2.925,91
275,Jan 24 2021 01: +0,3.089,86
276,Jan 25 2021 01: +0,2.837,93
277,Jan 26 2021 01: +0,2.988,90
278,Jan 27 2021 01: +0,3.106,94
279,Jan 28 2021 01: +0,3.005,78
280,Jan 29 2021 01: +0,2.628,90
281,Jan 30 2021 01: +0,2.622,96
282,Jan 31 2021 01: +0,2.79,69
283,Feb 01 2021 01: +0,3.072,111
284,Feb 02 2021 01: +0,2.96,92
285,Feb 03 2021 01: +0,2.928,57
286,Feb 04 2021 01: +0,2.99,79
287,Feb 05 2021 01: +0,2.888,75
288,Feb 06 2021 01: +0,2.878,72
289,Feb 07 2021 01: +0,3.137,119
290,Feb 08 2021 01: +0,3.242,82
291,Feb 09 2021 01: +0,3.262,79
292,Feb 10 2021 01: +0,3.152,78
293,Feb 11 2021 01: +0,3.042,96
294,Feb 12 2021 01: +0,2.569,81
295,Feb 13 2021 01: +0,2.745,82
296,Feb 14 2021 01: +0,2.879,76
297,Feb 15 2021 01: +0,2.711,79
298,Feb 16 2021 01: +0,2.839,53
299,Feb 17 2021 01: +0,2.889,60
300,Feb 18 2021 01: +0,2.83,50
301,Feb 19 2021 01: +0,2.817,79
302,Feb 20 2021 01: +0,2.772,45
303,Feb 21 2021 01: +0,2.708,45
304,Feb 22 2021 01: +0,2.591,46
305,Feb 23 2021 01: +0,2.814,47
306,Feb 24 2021 01: +0,2.704,40
307,Feb 25 2021 01: +0,2.812,41
308,Feb 26 2021 01: +0,2.567,66
309,Feb 27 2021 01: +0,2.538,63
310,Feb 28 2021 01: +0,2.444,47
311,Mar 01 2021 01: +0,2.552,53
312,Mar 02 2021 01: +0,2.42,65
313,Mar 03 2021 01: +0,2.375,47
314,Mar 04 2021 01: +0,2.189,53
315,Mar 05 2021 01: +0,2.161,48
316,Mar 06 2021 01: +0,2.151,50
317,Mar 07 2021 01: +0,2.152,48
318,Mar 08 2021 01: +0,2.232,47
319,Mar 09 2021 01: +0,2.102,45
320,Mar 10 2021 01: +0,1.961,41
321,Mar 11 2021 01: +0,2.007,47
322,Mar 12 2021 01: +0,1.884,55
323,Mar 13 2021 01: +0,1.949,47
324,Mar 14 2021 01: +0,1.975,64
325,Mar 15 2021 01: +0,1.99,58
326,Mar 16 2021 01: +0,2.027,51
327,Mar 17 2021 01: +0,1.862,48
328,Mar 18 2021 01: +0,1.956,60
329,Mar 19 2021 01: +0,1.845,58
330,Mar 20 2021 01: +0,1.932,62
331,Mar 21 2021 01: +0,2.067,57
332,Mar 22 2021 01: +0,2.064,53
333,Mar 23 2021 01: +0,2.183,55
334,Mar 24 2021 01: +0,2.063,42
335,Mar 25 2021 01: +0,2.037,47
336,Mar 26 2021 01: +0,1.766,55
337,Mar 27 2021 01: +0,1.893,52
338,Mar 28 2021 01: +0,2.141,58
339,Mar 29 2021 01: +0,1.946,37
340,Mar 30 2021 01: +0,2.068,51
341,Mar 31 2021 01: +0,2.178,55
342,Apr 01 2021 01: +0,2.122,44
343,Apr 02 2021 01: +0,2.187,30
344,Apr 03 2021 01: +0,2.177,55
345,Apr 04 2021 01: +0,2.42,68
346,Apr 05 2021 01: +0,2.426,44
347,Apr 06 2021 01: +0,2.401,53
348,Apr 07 2021 01: +0,2.354,59
349,Apr 08 2021 01: +0,2.203,46
350,Apr 09 2021 01: +0,2.058,58
351,Apr 10 2021 01: +0,1.747,65
352,Apr 11 2021 01: +0,1.659,41
353,Apr 12 2021 01: +0,1.625,40
354,Apr 13 2021 01: +0,1.818,52
355,Apr 14 2021 01: +0,2.163,2
356,Apr 14 2021 03: +0,2.1,1
357,Apr 14 2021 04: +0,1.91,2
358,Apr 14 2021 05: +0,1.91,1
359,Apr 14 2021 07: +0,1.735,2
360,Apr 14 2021 08: +0,2.17,1
361,Apr 14 2021 11: +0,1.75,1
362,Apr 14 2021 12: +0,1.782,1
363,Apr 14 2021 14: +0,1.57,1
364,Apr 14 2021 16: +0,1.92,3
365,Apr 14 2021 17: +0,1.976,3
366,Apr 14 2021 19: +0,1.79,2
367,Apr 14 2021 20: +0,2.058,2
368,Apr 14 2021 21: +0,1.651,2
369,Apr 14 2021 22: +0,2.09,2
370,Apr 15 2021 00: +0,1.89,2
371,Apr 15 2021 01: +0,2.099,2
372,Apr 15 2021 02: +0,1.91,2
373,Apr 15 2021 03: +0,2.1,3
374,Apr 15 2021 04: +0,2.12,5
375,Apr 15 2021 08: +0,1.62,1
376,Apr 15 2021 09: +0,1.78,3
377,Apr 15 2021 10: +0,1.953,2
378,Apr 15 2021 11: +0,2.085,2
379,Apr 15 2021 12: +0,2.169,3
380,Apr 15 2021 13: +0,2.069,1
381,Apr 15 2021 14: +0,1.423,1
382,Apr 15 2021 15: +0,2.153,1
383,Apr 15 2021 16: +0,2.172,1
384,Apr 15 2021 17: +0,2.176,2
385,Apr 15 2021 18: +0,1.848,4
386,Apr 15 2021 19: +0,2.087,4
387,Apr 15 2021 20: +0,1.96,3
388,Apr 15 2021 21: +0,2.166,3
389,Apr 15 2021 22: +0,2.058,1
390,Apr 16 2021 00: +0,1.723,2
391,Apr 16 2021 01: +0,1.575,2
392,Apr 16 2021 02: +0,1.847,2
393,Apr 16 2021 03: +0,1.909,4
394,Apr 16 2021 04: +0,2.02,1
395,Apr 16 2021 05: +0,2.046,1
396,Apr 16 2021 07: +0,2.08,3
397,Apr 16 2021 09: +0,2.054,2
398,Apr 16 2021 10: +0,1.962,1
399,Apr 16 2021 11: +0,2.012,1
400,Apr 16 2021 12: +0,1.603,1
401,Apr 16 2021 13: +0,1.831,1
402,Apr 16 2021 14: +0,1.692,3
403,Apr 16 2021 15: +0,1.564,5
404,Apr 16 2021 16: +0,1.538,1
405,Apr 16 2021 17: +0,1.72,3
406,Apr 16 2021 18: +0,1.619,2
407,Apr 16 2021 19: +0,1.541,1
408,Apr 16 2021 20: +0,1.714,4
409,Apr 16 2021 21: +0,1.475,2
410,Apr 16 2021 22: +0,1.757,5
411,Apr 16 2021 23: +0,1.669,1
412,Apr 17 2021 00: +0,1.96,4
413,Apr 17 2021 01: +0,2.07,6
414,Apr 17 2021 02: +0,1.96,5
415,Apr 17 2021 03: +0,1.949,2
416,Apr 17 2021 04: +0,2.11,1
417,Apr 17 2021 05: +0,1.757,1
418,Apr 17 2021 06: +0,1.83,2
419,Apr 17 2021 07: +0,2.1,1
420,Apr 17 2021 09: +0,1.598,1
421,Apr 17 2021 10: +0,2.094,1
422,Apr 17 2021 11: +0,2.096,1
423,Apr 17 2021 12: +0,2.033,2
424,Apr 17 2021 13: +0,2.018,1
425,Apr 17 2021 14: +0,1.826,2
426,Apr 17 2021 15: +0,2.069,1
427,Apr 17 2021 16: +0,2.089,2
428,Apr 17 2021 17: +0,2.024,2
429,Apr 17 2021 18: +0,2.04,3
430,Apr 17 2021 19: +0,2.011,3
431,Apr 17 2021 20: +0,1.828,2
432,Apr 17 2021 21: +0,1.97,1
433,Apr 17 2021 22: +0,1.851,3
434,Apr 17 2021 23: +0,2.081,1
435,Apr 18 2021 00: +0,1.793,3
436,Apr 18 2021 01: +0,2.082,2
437,Apr 18 2021 05: +0,2.06,2
438,Apr 18 2021 06: +0,2.08,2
439,Apr 18 2021 08: +0,1.878,4
440,Apr 18 2021 10: +0,2.033,2
441,Apr 18 2021 11: +0,1.844,3
442,Apr 18 2021 12: +0,1.737,3
443,Apr 18 2021 13: +0,2.072,1
444,Apr 18 2021 14: +0,1.737,1
445,Apr 18 2021 15: +0,1.737,3
446,Apr 18 2021 17: +0,1.623,2
447,Apr 18 2021 18: +0,1.696,2
448,Apr 18 2021 19: +0,1.807,3
449,Apr 18 2021 20: +0,2.036,5
450,Apr 18 2021 21: +0,2.07,4
451,Apr 18 2021 22: +0,2.093,3
452,Apr 18 2021 23: +0,1.885,2
453,Apr 19 2021 00: +0,2.097,2
454,Apr 19 2021 01: +0,2.102,4
455,Apr 19 2021 03: +0,2.13,2
456,Apr 19 2021 04: +0,2.15,2
457,Apr 19 2021 06: +0,2.16,1
458,Apr 19 2021 07: +0,1.79,1
459,Apr 19 2021 08: +0,2.156,1
460,Apr 19 2021 10: +0,2.173,1
461,Apr 19 2021 11: +0,2.16,3
462,Apr 19 2021 12: +0,2.166,2
463,Apr 19 2021 16: +0,1.667,1
464,Apr 19 2021 17: +0,2.092,1
465,Apr 19 2021 19: +0,1.972,1
466,Apr 19 2021 20: +0,1.837,3
467,Apr 19 2021 21: +0,1.981,1
468,Apr 19 2021 22: +0,1.92,1
469,Apr 19 2021 23: +0,1.97,1
470,Apr 20 2021 00: +0,1.966,3
471,Apr 20 2021 01: +0,2.09,3
472,Apr 20 2021 02: +0,1.72,3
473,Apr 20 2021 03: +0,2.082,3
474,Apr 20 2021 05: +0,2.03,1
475,Apr 20 2021 08: +0,2.02,1
476,Apr 20 2021 10: +0,2.018,1
477,Apr 20 2021 13: +0,2.01,1
478,Apr 20 2021 14: +0,1.892,2
479,Apr 20 2021 15: +0,1.954,2
480,Apr 20 2021 16: +0,2.032,2
481,Apr 20 2021 17: +0,2.086,2
482,Apr 20 2021 18: +0,2.081,4
483,Apr 20 2021 21: +0,2.075,4
484,Apr 20 2021 22: +0,2.07,5
485,Apr 20 2021 23: +0,1.932,2
486,Apr 21 2021 00: +0,2.064,2
487,Apr 21 2021 01: +0,2.04,1
488,Apr 21 2021 02: +0,2.04,3
489,Apr 21 2021 03: +0,2.064,2
490,Apr 21 2021 04: +0,2.07,3
491,Apr 21 2021 05: +0,2.057,1
492,Apr 21 2021 12: +0,1.986,1
493,Apr 21 2021 13: +0,1.87,2
494,Apr 21 2021 14: +0,1.998,1
495,Apr 21 2021 15: +0,1.8,3
496,Apr 21 2021 19: +0,1.69,2
497,Apr 21 2021 20: +0,1.746,3
498,Apr 21 2021 21: +0,1.705,2
499,Apr 21 2021 22: +0,1.77,3
500,Apr 21 2021 23: +0,1.78,1
501,Apr 22 2021 00: +0,0.8,1
502,Apr 22 2021 02: +0,1.15,1
503,Apr 22 2021 04: +0,1.77,1
504,Apr 22 2021 06: +0,1.697,2
505,Apr 22 2021 07: +0,1.728,3
506,Apr 22 2021 08: +0,1.708,2
507,Apr 22 2021 09: +0,1.64,4
508,Apr 22 2021 11: +0,1.657,1
509,Apr 22 2021 13: +0,1.58,1
510,Apr 22 2021 14: +0,1.652,3
511,Apr 22 2021 15: +0,1.709,2
512,Apr 22 2021 16: +0,1.787,2
513,Apr 22 2021 17: +0,1.788,1
514,Apr 22 2021 19: +0,1.517,1
515,Apr 22 2021 20: +0,1.692,1
516,Apr 22 2021 21: +0,1.718,3
517,Apr 22 2021 22: +0,1.685,2
518,Apr 22 2021 23: +0,1.706,2
519,Apr 23 2021 01: +0,1.564,2
520,Apr 23 2021 02: +0,1.72,3
521,Apr 23 2021 04: +0,1.725,4
522,Apr 23 2021 05: +0,1.721,3
523,Apr 23 2021 07: +0,1.7,2
524,Apr 23 2021 08: +0,1.506,1
525,Apr 23 2021 09: +0,1.587,1
526,Apr 23 2021 10: +0,1.728,1
527,Apr 23 2021 11: +0,1.722,2
528,Apr 23 2021 12: +0,1.726,3
529,Apr 23 2021 13: +0,1.766,2
530,Apr 23 2021 14: +0,1.8,3
531,Apr 23 2021 15: +0,1.948,3
532,Apr 23 2021 16: +0,1.93,1
533,Apr 23 2021 17: +0,1.86,2
534,Apr 23 2021 18: +0,1.96,2
535,Apr 23 2021 19: +0,1.95,1
536,Apr 23 2021 20: +0,1.56,1
537,Apr 23 2021 21: +0,1.562,2
538,Apr 23 2021 22: +0,1.719,1
539,Apr 23 2021 23: +0,1.793,3
540,Apr 24 2021 00: +0,1.99,1
541,Apr 24 2021 01: +0,1.22,1
542,Apr 24 2021 02: +0,1.983,3
543,Apr 24 2021 03: +0,1.99,1
544,Apr 24 2021 05: +0,1.927,1
545,Apr 24 2021 06: +0,1.992,1
546,Apr 24 2021 11: +0,1.922,2
547,Apr 24 2021 12: +0,1.959,2
548,Apr 24 2021 14: +0,1.744,2
549,Apr 24 2021 15: +0,1.8,1
550,Apr 24 2021 16: +0,1.896,2
551,Apr 24 2021 17: +0,1.918,2
552,Apr 24 2021 20: +0,1.881,1
553,Apr 24 2021 21: +0,1.895,2
554,Apr 24 2021 22: +0,1.795,4
555,Apr 24 2021 23: +0,1.895,4
556,Apr 25 2021 00: +0,1.901,2
557,Apr 25 2021 01: +0,1.89,3
558,Apr 25 2021 02: +0,1.5,1
559,Apr 25 2021 03: +0,1.4,1
560,Apr 25 2021 04: +0,1.66,1
561,Apr 25 2021 05: +0,1.42,3
562,Apr 25 2021 07: +0,1.807,1
563,Apr 25 2021 08: +0,1.773,1
564,Apr 25 2021 09: +0,1.773,3
565,Apr 25 2021 12: +0,1.415,1
566,Apr 25 2021 13: +0,1.676,1
567,Apr 25 2021 14: +0,1.737,1
568,Apr 25 2021 15: +0,1.725,2
569,Apr 25 2021 16: +0,1.632,4
570,Apr 25 2021 17: +0,1.724,2
571,Apr 25 2021 18: +0,1.732,1
572,Apr 25 2021 19: +0,1.622,2
573,Apr 25 2021 20: +0,1.719,4
574,Apr 25 2021 21: +0,1.679,4
575,Apr 25 2021 22: +0,1.738,2
576,Apr 25 2021 23: +0,1.742,2
577,Apr 26 2021 00: +0,1.602,2
578,Apr 26 2021 01: +0,1.782,2
579,Apr 26 2021 02: +0,1.78,3
580,Apr 26 2021 03: +0,1.797,3
581,Apr 26 2021 06: +0,1.846,1
582,Apr 26 2021 07: +0,1.69,1
583,Apr 26 2021 08: +0,1.478,1
584,Apr 26 2021 10: +0,1.85,1
585,Apr 26 2021 13: +0,1.662,2
586,Apr 26 2021 14: +0,1.426,3
587,Apr 26 2021 15: +0,1.407,2
588,Apr 26 2021 16: +0,1.7,3
589,Apr 26 2021 19: +0,1.842,1
590,Apr 26 2021 20: +0,1.841,2
591,Apr 26 2021 21: +0,1.835,3
592,Apr 26 2021 22: +0,1.84,2
593,Apr 26 2021 23: +0,1.693,1
594,Apr 27 2021 00: +0,1.81,1
595,Apr 27 2021 01: +0,1.66,3
596,Apr 27 2021 02: +0,1.846,1
597,Apr 27 2021 03: +0,1.841,2
598,Apr 27 2021 05: +0,1.843,2
599,Apr 27 2021 06: +0,1.84,1
600,Apr 27 2021 08: +0,1.839,1
601,Apr 27 2021 13: +0,1.811,1
602,Apr 27 2021 15: +0,1.79,1
603,Apr 27 2021 16: +0,1.426,3
604,Apr 27 2021 17: +0,1.78,5
605,Apr 27 2021 18: +0,1.787,4
606,Apr 27 2021 19: +0,1.705,2
607,Apr 27 2021 20: +0,1.72,1
608,Apr 27 2021 21: +0,1.58,3
609,Apr 27 2021 23: +0,1.565,2
610,Apr 28 2021 00: +0,1.719,2
611,Apr 28 2021 01: +0,1.72,1
612,Apr 28 2021 02: +0,1.585,2
613,Apr 28 2021 03: +0,1.58,1
614,Apr 28 2021 06: +0,1.691,1
615,Apr 28 2021 08: +0,1.408,2
616,Apr 28 2021 12: +0,1.594,1
617,Apr 28 2021 15: +0,1.572,1
618,Apr 28 2021 16: +0,1.489,2
619,Apr 28 2021 17: +0,1.618,3
620,Apr 28 2021 18: +0,1.585,2
621,Apr 28 2021 19: +0,1.599,2
622,Apr 28 2021 20: +0,1.611,2
623,Apr 28 2021 21: +0,1.673,4
624,Apr 28 2021 23: +0,1.28,2
625,Apr 29 2021 00: +0,1.675,2
626,Apr 29 2021 01: +0,1.683,3
627,Apr 29 2021 02: +0,1.498,1
628,Apr 29 2021 03: +0,1.683,1
629,Apr 29 2021 04: +0,1.595,2
630,Apr 29 2021 05: +0,1.667,2
631,Apr 29 2021 07: +0,1.68,1
632,Apr 29 2021 08: +0,1.669,1
633,Apr 29 2021 09: +0,1.686,2
634,Apr 29 2021 10: +0,1.628,3
635,Apr 29 2021 11: +0,1.684,2
636,Apr 29 2021 13: +0,1.686,1
637,Apr 29 2021 15: +0,1.683,2
638,Apr 29 2021 16: +0,1.689,1
639,Apr 29 2021 17: +0,1.534,2
640,Apr 29 2021 18: +0,1.664,2
641,Apr 29 2021 19: +0,1.33,1
642,Apr 29 2021 20: +0,1.61,2
643,Apr 29 2021 21: +0,1.67,4
644,Apr 29 2021 22: +0,1.601,2
645,Apr 29 2021 23: +0,1.226,1
646,Apr 30 2021 00: +0,1.49,1
647,Apr 30 2021 01: +0,1.29,1
648,Apr 30 2021 02: +0,1.684,1
649,Apr 30 2021 03: +0,1.299,1
650,Apr 30 2021 04: +0,1.5,1
651,Apr 30 2021 06: +0,1.496,1
652,Apr 30 2021 07: +0,1.207,2
653,Apr 30 2021 08: +0,0.88,1
654,Apr 30 2021 10: +0,1.282,1
655,Apr 30 2021 12: +0,1.416,2
656,Apr 30 2021 13: +0,1.439,3
657,Apr 30 2021 14: +0,1.4,3
658,Apr 30 2021 15: +0,1.368,1
659,Apr 30 2021 16: +0,1.254,1
660,Apr 30 2021 19: +0,1.387,2
661,Apr 30 2021 20: +0,1.393,4
662,Apr 30 2021 21: +0,1.373,1
663,Apr 30 2021 23: +0,1.444,4
664,May 01 2021 00: +0,1.56,3
665,May 01 2021 01: +0,1.61,2
666,May 01 2021 02: +0,1.703,5
667,May 01 2021 03: +0,1.79,3
668,May 01 2021 04: +0,1.81,3
669,May 01 2021 06: +0,1.821,1
670,May 01 2021 08: +0,1.208,1
671,May 01 2021 09: +0,1.22,1
672,May 01 2021 10: +0,1.748,1
673,May 01 2021 11: +0,1.762,3
674,May 01 2021 13: +0,1.789,3
675,May 01 2021 14: +0,1.79,1
676,May 01 2021 17: +0,1.451,2
677,May 01 2021 18: +0,1.68,3
678,May 01 2021 19: +0,1.72,3
679,May 01 2021 20: +0,1.719,2
680,May 01 2021 21: +0,1.3,1
681,May 01 2021 22: +0,1.642,2
682,May 01 2021 23: +0,1.625,4
683,May 02 2021 00: +0,1.703,3
684,May 02 2021 01: +0,1.7,1
685,May 02 2021 02: +0,1.546,1
686,May 02 2021 03: +0,1.685,2
687,May 02 2021 04: +0,1.703,2
688,May 02 2021 05: +0,1.713,4
689,May 02 2021 06: +0,1.763,6
690,May 02 2021 07: +0,1.79,3
691,May 02 2021 11: +0,1.47,1
692,May 02 2021 12: +0,1.49,2
693,May 02 2021 13: +0,1.49,2
694,May 02 2021 14: +0,1.403,1
695,May 02 2021 16: +0,1.58,3
696,May 02 2021 17: +0,1.58,4
697,May 02 2021 18: +0,1.595,1
698,May 02 2021 19: +0,1.539,2
699,May 02 2021 20: +0,1.45,5
700,May 02 2021 21: +0,1.595,5
701,May 02 2021 22: +0,1.58,3
702,May 02 2021 23: +0,1.581,2
703,May 03 2021 00: +0,1.51,3
704,May 03 2021 01: +0,1.58,5
705,May 03 2021 02: +0,1.58,5
706,May 03 2021 03: +0,1.545,2
707,May 03 2021 04: +0,1.58,2
708,May 03 2021 10: +0,1.582,1
709,May 03 2021 11: +0,1.58,1
710,May 03 2021 12: +0,1.582,3
711,May 03 2021 13: +0,1.595,1
712,May 03 2021 14: +0,1.486,2
713,May 03 2021 15: +0,1.688,2
714,May 03 2021 16: +0,1.645,2
715,May 03 2021 18: +0,1.61,1
716,May 03 2021 19: +0,1.637,2
717,May 03 2021 20: +0,1.69,3
718,May 03 2021 23: +0,1.795,1
719,May 04 2021 01: +0,1.723,1
720,May 04 2021 02: +0,1.425,2
721,May 04 2021 04: +0,1.748,4
722,May 04 2021 07: +0,1.59,1
723,May 04 2021 10: +0,1.555,2
724,May 04 2021 11: +0,1.313,1
725,May 04 2021 12: +0,1.53,1
726,May 04 2021 13: +0,1.423,2
727,May 04 2021 14: +0,1.483,2
728,May 04 2021 15: +0,1.53,3
729,May 04 2021 16: +0,1.433,2
730,May 04 2021 17: +0,1.577,4
731,May 04 2021 18: +0,1.667,2
732,May 04 2021 20: +0,1.57,3
733,May 04 2021 21: +0,1.599,1
734,May 04 2021 22: +0,1.583,4
735,May 04 2021 23: +0,1.605,2
736,May 05 2021 00: +0,1.665,4
737,May 05 2021 02: +0,1.65,3
738,May 05 2021 03: +0,1.733,4
739,May 05 2021 04: +0,1.8,3
740,May 05 2021 05: +0,1.608,2
741,May 05 2021 06: +0,1.598,1
742,May 05 2021 08: +0,1.486,2
743,May 05 2021 10: +0,1.54,1
744,May 05 2021 12: +0,1.523,1
745,May 05 2021 13: +0,1.436,1
746,May 05 2021 14: +0,1.492,2
747,May 05 2021 15: +0,1.55,4
748,May 05 2021 16: +0,1.826,1
749,May 05 2021 17: +0,1.84,5
750,May 05 2021 18: +0,1.837,5
751,May 05 2021 19: +0,1.72,3
752,May 05 2021 20: +0,1.598,3
753,May 05 2021 21: +0,1.834,3
754,May 05 2021 22: +0,1.86,4
755,May 05 2021 23: +0,1.859,2
756,May 06 2021 00: +0,1.472,1
757,May 06 2021 01: +0,1.85,1
758,May 06 2021 02: +0,1.765,2
759,May 06 2021 04: +0,1.84,1
760,May 06 2021 07: +0,1.84,2
761,May 06 2021 08: +0,1.839,1
762,May 06 2021 10: +0,1.47,1
763,May 06 2021 11: +0,1.716,1
764,May 06 2021 12: +0,1.728,1
765,May 06 2021 13: +0,1.676,2
766,May 06 2021 14: +0,1.38,1
767,May 06 2021 15: +0,1.572,1
768,May 06 2021 16: +0,1.529,4
769,May 06 2021 17: +0,1.548,6
770,May 06 2021 18: +0,1.548,8
771,May 06 2021 19: +0,1.601,6
772,May 06 2021 20: +0,1.616,2
773,May 06 2021 21: +0,1.446,1
774,May 06 2021 22: +0,1.727,4
775,May 06 2021 23: +0,1.417,4
776,May 07 2021 00: +0,1.56,2
777,May 07 2021 01: +0,1.685,4
778,May 07 2021 02: +0,1.74,1
779,May 07 2021 04: +0,1.426,1
780,May 07 2021 05: +0,1.66,2
781,May 07 2021 06: +0,1.574,2
782,May 07 2021 07: +0,1.739,2
783,May 07 2021 09: +0,1.65,1
784,May 07 2021 10: +0,1.651,1
785,May 07 2021 12: +0,1.663,1
786,May 07 2021 13: +0,1.629,2
787,May 07 2021 14: +0,1.32,2
788,May 07 2021 15: +0,1.665,2
789,May 07 2021 16: +0,1.502,2
790,May 07 2021 18: +0,1.664,3
791,May 07 2021 19: +0,1.67,3
792,May 07 2021 20: +0,1.52,3
793,May 07 2021 22: +0,1.69,1
794,May 07 2021 23: +0,1.68,3
795,May 08 2021 00: +0,1.68,1
796,May 08 2021 01: +0,1.573,1
797,May 08 2021 02: +0,1.586,3
798,May 08 2021 03: +0,1.582,1
799,May 08 2021 05: +0,1.115,1
800,May 08 2021 06: +0,1.41,1
801,May 08 2021 08: +0,1.254,1
802,May 08 2021 09: +0,1.282,1
803,May 08 2021 10: +0,1.325,3
804,May 08 2021 11: +0,1.331,2
805,May 08 2021 14: +0,1.357,1
806,May 08 2021 15: +0,1.21,4
807,May 08 2021 16: +0,1.414,1
808,May 08 2021 18: +0,1.401,2
809,May 08 2021 19: +0,1.288,2
810,May 08 2021 20: +0,1.343,2
811,May 08 2021 21: +0,1.373,2
812,May 08 2021 22: +0,1.392,1
813,May 08 2021 23: +0,1.4,1
814,May 09 2021 00: +0,1.418,3
815,May 09 2021 01: +0,1.47,1
816,May 09 2021 02: +0,1.531,2
817,May 09 2021 03: +0,1.508,1
818,May 09 2021 04: +0,1.57,3
819,May 09 2021 05: +0,1.57,1
820,May 09 2021 06: +0,1.57,1
821,May 09 2021 07: +0,1.611,2
822,May 09 2021 09: +0,1.582,1
823,May 09 2021 10: +0,1.573,2
824,May 09 2021 11: +0,1.584,2
825,May 09 2021 12: +0,1.57,1
826,May 09 2021 13: +0,1.614,1
827,May 09 2021 14: +0,1.628,3
828,May 09 2021 15: +0,1.664,5
829,May 09 2021 16: +0,1.649,2
830,May 09 2021 17: +0,1.613,2
831,May 09 2021 18: +0,1.684,3
832,May 09 2021 19: +0,1.657,4
833,May 09 2021 20: +0,1.718,1
834,May 09 2021 21: +0,1.67,3
835,May 09 2021 22: +0,1.74,4
836,May 09 2021 23: +0,1.741,1
837,May 10 2021 01: +0,1.457,2
838,May 10 2021 03: +0,1.497,2
839,May 10 2021 04: +0,1.615,2
840,May 10 2021 06: +0,1.66,1
841,May 10 2021 07: +0,1.012,1
842,May 10 2021 10: +0,1.73,3
843,May 10 2021 11: +0,1.694,3
844,May 10 2021 12: +0,1.718,1
845,May 10 2021 13: +0,1.685,2
846,May 10 2021 16: +0,1.62,4
847,May 10 2021 17: +0,1.606,4
848,May 10 2021 19: +0,1.7,3
849,May 10 2021 20: +0,1.58,2
850,May 10 2021 21: +0,1.721,4
851,May 10 2021 22: +0,1.718,2
852,May 10 2021 23: +0,1.713,1
853,May 11 2021 00: +0,1.62,3
854,May 11 2021 01: +0,1.612,1
855,May 11 2021 03: +0,1.357,2
856,May 11 2021 05: +0,1.61,1
857,May 11 2021 07: +0,1.62,1
858,May 11 2021 08: +0,1.62,1
859,May 11 2021 09: +0,1.616,2
860,May 11 2021 10: +0,1.61,1
861,May 11 2021 12: +0,1.594,1
862,May 11 2021 13: +0,1.602,2
863,May 11 2021 14: +0,1.601,2
864,May 11 2021 15: +0,1.5,3
865,May 11 2021 16: +0,1.553,3
866,May 11 2021 17: +0,1.583,1
867,May 11 2021 19: +0,1.595,3
868,May 11 2021 21: +0,1.586,4
869,May 11 2021 22: +0,1.586,4
870,May 11 2021 23: +0,1.586,2
871,May 12 2021 00: +0,1.509,2
872,May 12 2021 01: +0,1.577,2
873,May 12 2021 02: +0,1.62,3
874,May 12 2021 03: +0,1.49,1
875,May 12 2021 04: +0,1.625,2
876,May 12 2021 05: +0,1.505,2
877,May 12 2021 06: +0,1.664,1
878,May 12 2021 09: +0,1.445,1
879,May 12 2021 10: +0,1.229,1
880,May 12 2021 11: +0,1.49,1
881,May 12 2021 14: +0,1.555,1
882,May 12 2021 15: +0,1.567,3
883,May 12 2021 17: +0,1.627,2
884,May 12 2021 18: +0,1.652,3
885,May 12 2021 19: +0,1.65,3
886,May 12 2021 20: +0,1.64,3
887,May 12 2021 21: +0,1.65,3
888,May 12 2021 22: +0,1.632,3
889,May 13 2021 00: +0,1.608,1
890,May 13 2021 01: +0,1.641,2
891,May 13 2021 02: +0,1.371,2
892,May 13 2021 03: +0,1.486,2
893,May 13 2021 04: +0,1.644,2
894,May 13 2021 05: +0,1.64,2
895,May 13 2021 06: +0,1.65,1
896,May 13 2021 07: +0,1.649,3
897,May 13 2021 08: +0,1.65,1
898,May 13 2021 09: +0,1.632,1
899,May 13 2021 13: +0,1.32,1
900,May 13 2021 14: +0,1.587,2
901,May 13 2021 16: +0,1.575,2
902,May 13 2021 17: +0,1.482,2
903,May 13 2021 18: +0,1.269,3
904,May 13 2021 19: +0,1.33,5
905,May 13 2021 20: +0,1.468,2
906,May 13 2021 21: +0,1.268,1
907,May 13 2021 22: +0,1.255,2
908,May 13 2021 23: +0,1.28,3
909,May 14 2021 00: +0,1.381,2
910,May 14 2021 01: +0,1.38,3
